1973	26	11
1973	27	38
1973	28	69
1973	29	100
1973	30	131
1973	31	162
1973	32	193
1973	33	224
1973	34	255
1973	35	286
1973	36	317
1973	37	348
1973	38	379
1973	39	410
1973	40	441
1973	41	472
1973	42	503
1973	43	534
1973	44	565
1973	45	596
1973	46	627
1973	47	658
1973	48	689
1973	49	720
1973	50	751
1973	51	782
1973	52	813
1973	53	844
1973	54	875
1973	55	906
1973	56	937
1973	57	968
1973	58	999
1973	59	1030
1974	26	12
1974	27	39
1974	28	70
1974	29	101
1974	30	132
1974	31	163
1974	32	194
1974	33	225
1974	34	256
1974	35	287
1974	36	318
1974	37	349
1974	38	380
1974	39	411
1974	40	442
1974	41	473
1974	42	504
1974	43	535
1974	44	566
1974	45	597
1974	46	628
1974	47	659
1974	48	690
1974	49	721
1974	50	752
1974	51	783
1974	52	814
1974	53	845
1974	54	876
1974	55	907
1974	56	938
1974	57	969
1974	58	1000
1974	59	1031
1975	26	13
1975	27	40
1975	28	71
1975	29	102
1975	30	133
1975	31	164
1975	32	195
1975	33	226
1975	34	257
1975	35	288
1975	36	319
1975	37	350
1975	38	381
1975	39	412
1975	40	443
1975	41	474
1975	42	505
1975	43	536
1975	44	567
1975	45	598
1975	46	629
1975	47	660
1975	48	691
1975	49	722
1975	50	753
1975	51	784
1975	52	815
1975	53	846
1975	54	877
1975	55	908
1975	56	939
1975	57	970
1975	58	1001
1975	59	1032
1976	25	2
1976	26	14
1976	27	41
1976	28	72
1976	29	103
1976	30	134
1976	31	165
1976	32	196
1976	33	227
1976	34	258
1976	35	289
1976	36	320
1976	37	351
1976	38	382
1976	39	413
1976	40	444
1976	41	475
1976	42	506
1976	43	537
1976	44	568
1976	45	599
1976	46	630
1976	47	661
1976	48	692
1976	49	723
1976	50	754
1976	51	785
1976	52	816
1976	53	847
1976	54	878
1976	55	909
1976	56	940
1976	57	971
1976	58	1002
1976	59	1033
1977	26	15
1977	27	42
1977	28	73
1977	29	104
1977	30	135
1977	31	166
1977	32	197
1977	33	228
1977	34	259
1977	35	290
1977	36	321
1977	37	352
1977	38	383
1977	39	414
1977	40	445
1977	41	476
1977	42	507
1977	43	538
1977	44	569
1977	45	600
1977	46	631
1977	47	662
1977	48	693
1977	49	724
1977	50	755
1977	51	786
1977	52	817
1977	53	848
1977	54	879
1977	55	910
1977	56	941
1977	57	972
1977	58	1003
1977	59	1034
1978	25	3
1978	26	16
1978	27	43
1978	28	74
1978	29	105
1978	30	136
1978	31	167
1978	32	198
1978	33	229
1978	34	260
1978	35	291
1978	36	322
1978	37	353
1978	38	384
1978	39	415
1978	40	446
1978	41	477
1978	42	508
1978	43	539
1978	44	570
1978	45	601
1978	46	632
1978	47	663
1978	48	694
1978	49	725
1978	50	756
1978	51	787
1978	52	818
1978	53	849
1978	54	880
1978	55	911
1978	56	942
1978	57	973
1978	58	1004
1978	59	1035
1979	25	4
1979	26	17
1979	27	44
1979	28	75
1979	29	106
1979	30	137
1979	31	168
1979	32	199
1979	33	230
1979	34	261
1979	35	292
1979	36	323
1979	37	354
1979	38	385
1979	39	416
1979	40	447
1979	41	478
1979	42	509
1979	43	540
1979	44	571
1979	45	602
1979	46	633
1979	47	664
1979	48	695
1979	49	726
1979	50	757
1979	51	788
1979	52	819
1979	53	850
1979	54	881
1979	55	912
1979	56	943
1979	57	974
1979	58	1005
1979	59	1036
1980	26	18
1980	27	45
1980	28	76
1980	29	107
1980	30	138
1980	31	169
1980	32	200
1980	33	231
1980	34	262
1980	35	293
1980	36	324
1980	37	355
1980	38	386
1980	39	417
1980	40	448
1980	41	479
1980	42	510
1980	43	541
1980	44	572
1980	45	603
1980	46	634
1980	47	665
1980	48	696
1980	49	727
1980	50	758
1980	51	789
1980	52	820
1980	53	851
1980	54	882
1980	55	913
1980	56	944
1980	57	975
1980	58	1006
1980	59	1037
1981	25	5
1981	26	19
1981	27	46
1981	28	77
1981	29	108
1981	30	139
1981	31	170
1981	32	201
1981	33	232
1981	34	263
1981	35	294
1981	36	325
1981	37	356
1981	38	387
1981	39	418
1981	40	449
1981	41	480
1981	42	511
1981	43	542
1981	44	573
1981	45	604
1981	46	635
1981	47	666
1981	48	697
1981	49	728
1981	50	759
1981	51	790
1981	52	821
1981	53	852
1981	54	883
1981	55	914
1981	56	945
1981	57	976
1981	58	1007
1981	59	1038
1982	26	20
1982	27	47
1982	28	78
1982	29	109
1982	30	140
1982	31	171
1982	32	202
1982	33	233
1982	34	264
1982	35	295
1982	36	326
1982	37	357
1982	38	388
1982	39	419
1982	40	450
1982	41	481
1982	42	512
1982	43	543
1982	44	574
1982	45	605
1982	46	636
1982	47	667
1982	48	698
1982	49	729
1982	50	760
1982	51	791
1982	52	822
1982	53	853
1982	54	884
1982	55	915
1982	56	946
1982	57	977
1982	58	1008
1982	59	1039
1983	25	6
1983	26	21
1983	27	48
1983	28	79
1983	29	110
1983	30	141
1983	31	172
1983	32	203
1983	33	234
1983	34	265
1983	35	296
1983	36	327
1983	37	358
1983	38	389
1983	39	420
1983	40	451
1983	41	482
1983	42	513
1983	43	544
1983	44	575
1983	45	606
1983	46	637
1983	47	668
1983	48	699
1983	49	730
1983	50	761
1983	51	792
1983	52	823
1983	53	854
1983	54	885
1983	55	916
1983	56	947
1983	57	978
1983	58	1009
1983	59	1040
1984	25	7
1984	26	22
1984	27	49
1984	28	80
1984	29	111
1984	30	142
1984	31	173
1984	32	204
1984	33	235
1984	34	266
1984	35	297
1984	36	328
1984	37	359
1984	38	390
1984	39	421
1984	40	452
1984	41	483
1984	42	514
1984	43	545
1984	44	576
1984	45	607
1984	46	638
1984	47	669
1984	48	700
1984	49	731
1984	50	762
1984	51	793
1984	52	824
1984	53	855
1984	54	886
1984	55	917
1984	56	948
1984	57	979
1984	58	1010
1984	59	1041
1985	26	23
1985	27	50
1985	28	81
1985	29	112
1985	30	143
1985	31	174
1985	32	205
1985	33	236
1985	34	267
1985	35	298
1985	36	329
1985	37	360
1985	38	391
1985	39	422
1985	40	453
1985	41	484
1985	42	515
1985	43	546
1985	44	577
1985	45	608
1985	46	639
1985	47	670
1985	48	701
1985	49	732
1985	50	763
1985	51	794
1985	52	825
1985	53	856
1985	54	887
1985	55	918
1985	56	949
1985	57	980
1985	58	1011
1985	59	1042
1986	26	24
1986	27	51
1986	28	82
1986	29	113
1986	30	144
1986	31	175
1986	32	206
1986	33	237
1986	34	268
1986	35	299
1986	36	330
1986	37	361
1986	38	392
1986	39	423
1986	40	454
1986	41	485
1986	42	516
1986	43	547
1986	44	578
1986	45	609
1986	46	640
1986	47	671
1986	48	702
1986	49	733
1986	50	764
1986	51	795
1986	52	826
1986	53	857
1986	54	888
1986	55	919
1986	56	950
1986	57	981
1986	58	1012
1986	59	1043
1987	26	25
1987	27	52
1987	28	83
1987	29	114
1987	30	145
1987	31	176
1987	32	207
1987	33	238
1987	34	269
1987	35	300
1987	36	331
1987	37	362
1987	38	393
1987	39	424
1987	40	455
1987	41	486
1987	42	517
1987	43	548
1987	44	579
1987	45	610
1987	46	641
1987	47	672
1987	48	703
1987	49	734
1987	50	765
1987	51	796
1987	52	827
1987	53	858
1987	54	889
1987	55	920
1987	56	951
1987	57	982
1987	58	1013
1987	59	1044
1988	26	26
1988	27	53
1988	28	84
1988	29	115
1988	30	146
1988	31	177
1988	32	208
1988	33	239
1988	34	270
1988	35	301
1988	36	332
1988	37	363
1988	38	394
1988	39	425
1988	40	456
1988	41	487
1988	42	518
1988	43	549
1988	44	580
1988	45	611
1988	46	642
1988	47	673
1988	48	704
1988	49	735
1988	50	766
1988	51	797
1988	52	828
1988	53	859
1988	54	890
1988	55	921
1988	56	952
1988	57	983
1988	58	1014
1988	59	1045
1989	27	54
1989	28	85
1989	29	116
1989	30	147
1989	31	178
1989	32	209
1989	33	240
1989	34	271
1989	35	302
1989	36	333
1989	37	364
1989	38	395
1989	39	426
1989	40	457
1989	41	488
1989	42	519
1989	43	550
1989	44	581
1989	45	612
1989	46	643
1989	47	674
1989	48	705
1989	49	736
1989	50	767
1989	51	798
1989	52	829
1989	53	860
1989	54	891
1989	55	922
1989	56	953
1989	57	984
1989	58	1015
1989	59	1046
1990	26	27
1990	27	55
1990	28	86
1990	29	117
1990	30	148
1990	31	179
1990	32	210
1990	33	241
1990	34	272
1990	35	303
1990	36	334
1990	37	365
1990	38	396
1990	39	427
1990	40	458
1990	41	489
1990	42	520
1990	43	551
1990	44	582
1990	45	613
1990	46	644
1990	47	675
1990	48	706
1990	49	737
1990	50	768
1990	51	799
1990	52	830
1990	53	861
1990	54	892
1990	55	923
1990	56	954
1990	57	985
1990	58	1016
1990	59	1047
1991	27	56
1991	28	87
1991	29	118
1991	30	149
1991	31	180
1991	32	211
1991	33	242
1991	34	273
1991	35	304
1991	36	335
1991	37	366
1991	38	397
1991	39	428
1991	40	459
1991	41	490
1991	42	521
1991	43	552
1991	44	583
1991	45	614
1991	46	645
1991	47	676
1991	48	707
1991	49	738
1991	50	769
1991	51	800
1991	52	831
1991	53	862
1991	54	893
1991	55	924
1991	56	955
1991	57	986
1991	58	1017
1991	59	1048
